coracao: .word 16, 16
.byte 199,199,199,199,199,199,199,199,199,199,199,199,199,199,199,199,
199,199,199,199,199,199,199,199,199,199,199,199,199,199,199,199,
199,199,199,199,103,255,103,199,199,199,103,255,103,199,199,199,
199,199,199,255,14,14,14,255,199,255,14,14,14,255,199,199,
199,199,103,14,14,14,14,14,103,14,14,14,14,14,103,199,
199,199,255,14,14,14,14,14,14,14,14,14,14,14,255,199,
199,199,103,14,14,14,14,14,14,14,14,14,14,14,103,199,
199,199,255,14,14,14,14,14,14,14,14,14,14,14,255,199,
199,199,199,103,14,14,14,14,14,14,14,14,14,103,199,199,
199,199,199,255,14,14,14,14,14,14,14,14,14,255,199,199,
199,199,199,199,103,14,14,14,14,14,14,14,103,199,199,199,
199,199,199,199,199,255,14,14,14,14,14,255,199,199,199,199,
199,199,199,199,199,199,103,14,14,14,103,199,199,199,199,199,
199,199,199,199,199,199,199,255,14,255,199,199,199,199,199,199,
199,199,199,199,199,199,199,199,103,199,199,199,199,199,199,199,
199,199,199,199,199,199,199,199,199,199,199,199,199,199,199,199,


